-5.211217881358952697e-01 7.730851924895881799e-02 -8.499738082915144766e-01 7.989332886925680777e-01 8.534823266653194240e-01 4.720326658264092923e-02 -5.189795465082231996e-01 -1.907756049421290179e+00 0.000000000000000000e+00 -9.958891727875454070e-01 -9.058010556705317629e-02 4.882035356570337825e-01 0.000000000000000000e+00 0.000000000000000000e+00 0.000000000000000000e+00 1.000000000000000000e+00
-5.081641942806189860e-01 5.592989810396584160e-02 -8.594422599274539332e-01 8.080735418641993295e-01 8.612602113479579380e-01 3.299998215605053770e-02 -5.070915593130801424e-01 -1.899655940037573432e+00 0.000000000000000000e+00 -9.978891960913197634e-01 -6.493960520529559743e-02 4.656984580515600158e-01 0.000000000000000000e+00 0.000000000000000000e+00 0.000000000000000000e+00 1.000000000000000000e+00
-4.961336728554091580e-01 3.595151511461013721e-02 -8.675015084828185952e-01 8.158986368605244399e-01 8.682461509612362516e-01 2.054343370112403019e-02 -4.957081688582160584e-01 -1.892397987530326287e+00 0.000000000000000000e+00 -9.991423601733295801e-01 -4.140705383468521600e-02 4.442809498579599614e-01 0.000000000000000000e+00 0.000000000000000000e+00 0.000000000000000000e+00 1.000000000000000000e+00
-4.849483871045581207e-01 1.731991009222666467e-02 -8.743712498470457284e-01 8.224400034069098142e-01 8.745427730218159335e-01 9.604175716871147031e-03 -4.848532746760734202e-01 -1.885944864531716059e+00 0.000000000000000000e+00 -9.998038710283115860e-01 -1.980453172390986977e-02 4.239228580431105287e-01 0.000000000000000000e+00 0.000000000000000000e+00 0.000000000000000000e+00 1.000000000000000000e+00
-4.745360293035731369e-01 -3.238906163213318512e-05 -8.802360796080487271e-01 8.277290712287215246e-01 8.802360802039407295e-01 -1.746097103429364848e-05 -4.745360289823272737e-01 -1.880259243673912062e+00 0.000000000000000000e+00 -9.999999993230316297e-01 3.679588051495117626e-05 4.045960295738887935e-01 0.000000000000000000e+00 0.000000000000000000e+00 0.000000000000000000e+00 1.000000000000000000e+00
-4.648328224515816953e-01 -1.618034179388935442e-02 -8.852506106810258402e-01 8.317972700513258655e-01 8.853984680197364288e-01 -8.494654345976598853e-03 -4.647551975780863098e-01 -1.875303797589083166e+00 0.000000000000000000e+00 -9.998330047497808737e-01 1.827464399173624188e-02 3.862723114171715544e-01 0.000000000000000000e+00 0.000000000000000000e+00 0.000000000000000000e+00 1.000000000000000000e+00
-4.557825998560741110e-01 -3.120192824759669692e-02 -8.895440749856465823e-01 8.346760296000891310e-01 8.900911311031235451e-01 -1.597734825150691138e-02 -4.555024727423685471e-01 -1.871041198909397796e+00 0.000000000000000000e+00 -9.993853931374432342e-01 3.505475693137956317e-02 3.689235505398358317e-01 0.000000000000000000e+00 0.000000000000000000e+00 0.000000000000000000e+00 1.000000000000000000e+00
-4.473359758506107453e-01 -4.517517159654135805e-02 -8.932243439254243800e-01 8.363967796003779487e-01 8.943659903584113557e-01 -2.259531297948751821e-02 -4.467649573563006737e-01 -1.867434120267026154e+00 0.000000000000000000e+00 -9.987235131419416323e-01 5.051083346588090134e-02 3.525215939087587569e-01 0.000000000000000000e+00 0.000000000000000000e+00 0.000000000000000000e+00 1.000000000000000000e+00
-4.394496102538800741e-01 -5.817622321002046543e-02 -8.963813736913160968e-01 8.369909497775583906e-01 8.982672431118218226e-01 -2.846092720371377546e-02 -4.385270066654869958e-01 -1.864445234294135778e+00 0.000000000000000000e+00 -9.979005474874351744e-01 6.476493900465914166e-02 3.370382884908170729e-01 0.000000000000000000e+00 0.000000000000000000e+00 0.000000000000000000e+00 1.000000000000000000e+00
-4.320855633454850908e-01 -7.027819692979515864e-02 -8.990901183889808967e-01 8.364899698569965292e-01 9.018326152609555946e-01 -3.367165236370241177e-02 -4.307715797016827275e-01 -1.862037213622895537e+00 0.000000000000000000e+00 -9.969589735106429984e-01 7.792820501336530925e-02 3.224454812528876890e-01 0.000000000000000000e+00 0.000000000000000000e+00 0.000000000000000000e+00 1.000000000000000000e+00
-4.252107351999948048e-01 -8.155052459574464729e-02 -9.014129700691236868e-01 8.349252695640587696e-01 9.050943766650414446e-01 -3.831220192425838222e-02 -4.234812209685749340e-01 -1.860172730885474746e+00 0.000000000000000000e+00 -9.959325715739362206e-01 9.010168077303720713e-02 3.087150191618477368e-01 0.000000000000000000e+00 0.000000000000000000e+00 0.000000000000000000e+00 1.000000000000000000e+00
-4.187963820096946010e-01 -9.205866912192227358e-02 -9.034017887159014881e-01 8.323282786241118503e-01 9.080801673947019870e-01 -4.245642504394769173e-02 -4.166387662674918557e-01 -1.858814458714042273e+00 0.000000000000000000e+00 -9.948480554396174069e-01 1.013772488678397338e-01 2.958187491845741257e-01 0.000000000000000000e+00 0.000000000000000000e+00 0.000000000000000000e+00 1.000000000000000000e+00
-4.128177018131926057e-01 -1.018640786487146066e-01 -9.050995826707260994e-01 8.287304267625215104e-01 9.108136719821864347e-01 -4.616893239378503516e-02 -4.102278447545267825e-01 -1.857925069740766322e+00 0.000000000000000000e+00 -9.937263904932115421e-01 1.118385480830889761e-01 2.837285182879437651e-01 0.000000000000000000e+00 0.000000000000000000e+00 0.000000000000000000e+00 1.000000000000000000e+00
-4.072534823879635502e-01 -1.110242996597526066e-01 -9.065418942155614168e-01 8.241631437046545994e-01 9.133151707285260823e-01 -4.950649470768373611e-02 -4.042332320565460435e-01 -1.857467236597816873e+00 0.000000000000000000e+00 -9.925838563400171122e-01 1.215618695692874673e-01 2.724161734388336198e-01 0.000000000000000000e+00 0.000000000000000000e+00 0.000000000000000000e+00 1.000000000000000000e+00
-4.020858046915667949e-01 -1.195931917393872890e-01 -9.077579380843339152e-01 8.186578591758764123e-01 9.156019908593118206e-01 -5.251924440556750284e-02 -3.986410958513096348e-01 -1.857403631917360354e+00 0.000000000000000000e+00 -9.914329011368618882e-01 1.306170070984080667e-01 2.618535616041204883e-01 0.000000000000000000e+00 0.000000000000000000e+00 0.000000000000000000e+00 1.000000000000000000e+00
-3.972997959888746045e-01 -1.276212044003334767e-01 -9.087715336071034988e-01 8.122460029015541316e-01 9.176888754404722848e-01 -5.525170875343793364e-02 -3.934391650212604730e-01 -1.857696928331568298e+00 0.000000000000000000e+00 -9.902828267051961841e-01 1.390680521642782830e-01 2.520125297506816131e-01 0.000000000000000000e+00 0.000000000000000000e+00 0.000000000000000000e+00 1.000000000000000000e+00
-3.928834275888027916e-01 -1.351556890484527096e-01 -9.096018645780757916e-01 8.049590046070540517e-01 9.195882841391977980e-01 -5.774370040086843764e-02 -3.886168456692797868e-01 -1.858309798472608465e+00 0.000000000000000000e+00 -9.891403362424631140e-01 1.469741311188716981e-01 2.428649248453937926e-01 0.000000000000000000e+00 0.000000000000000000e+00 0.000000000000000000e+00 1.000000000000000000e+00
-3.888273528823782410e-01 -1.422412280922693284e-01 -9.102640950192891767e-01 7.968282940177420226e-01 9.213106368920759293e-01 -6.003108829441904798e-02 -3.841653013843196462e-01 -1.859204914972649503e+00 0.000000000000000000e+00 -9.880099703287364976e-01 1.543900855981669429e-01 2.343825938551340471e-01 0.000000000000000000e+00 0.000000000000000000e+00 0.000000000000000000e+00 1.000000000000000000e+00
-3.851247820984517456e-01 -1.489199694865275536e-01 -9.107698638524178714e-01 7.878853008589845608e-01 9.228645091310100357e-01 -6.214646920663539909e-02 -3.800775107152863930e-01 -1.860344950463860281e+00 0.000000000000000000e+00 -9.868944518302250613e-01 1.613670999513828475e-01 2.265373837467792584e-01 0.000000000000000000e+00 0.000000000000000000e+00 0.000000000000000000e+00 1.000000000000000000e+00
-3.817713908623478480e-01 -1.552319593729513947e-01 -9.111276770619267662e-01 7.781614548561478495e-01 9.242567852707539444e-01 -6.411975760474232511e-02 -3.763483114957215103e-01 -1.861692577578409002e+00 0.000000000000000000e+00 -9.857949561008838568e-01 1.679532807838433894e-01 2.193011414872063636e-01 0.000000000000000000e+00 0.000000000000000000e+00 0.000000000000000000e+00 1.000000000000000000e+00
-3.787652602533705948e-01 -1.612154684860063747e-01 -9.113432121577653700e-01 7.676881857345984050e-01 9.254927755661825906e-01 -6.597870938605142344e-02 -3.729744391812319648e-01 -1.863210468948466314e+00 0.000000000000000000e+00 -9.847113194376250211e-01 1.741941944251057250e-01 2.126457140432924109e-01 0.000000000000000000e+00 0.000000000000000000e+00 0.000000000000000000e+00 1.000000000000000000e+00
-3.761068466105100816e-01 -1.669073100093943496e-01 -9.114195465306447197e-01 7.564969232197024107e-01 9.265763001138644928e-01 -6.774939315430567044e-02 -3.699545645001897087e-01 -1.864861297206199753e+00 0.000000000000000000e+00 -9.836421959191519182e-01 1.801333683895039728e-01 2.065429483819143097e-01 0.000000000000000000e+00 0.000000000000000000e+00 0.000000000000000000e+00 1.000000000000000000e+00
-3.737989798350139781e-01 -1.723431478681753115e-01 -9.113573185404235666e-01 7.446190970368260498e-01 9.275097426303956505e-01 -6.945662120160647768e-02 -3.672893343087350604e-01 -1.866607734983777522e+00 0.000000000000000000e+00 -9.825851704326423741e-01 1.858127628712709922e-01 2.009646914699489695e-01 0.000000000000000000e+00 0.000000000000000000e+00 0.000000000000000000e+00 1.000000000000000000e+00
-3.718468893866265779e-01 -1.775577952051936859e-01 -9.111548277956718067e-01 7.320861369113357275e-01 9.282940756320110509e-01 -7.112435117982152111e-02 -3.649814184527200300e-01 -1.868412454913369825e+00 0.000000000000000000e+00 -9.815368337617901284e-01 1.912732181171218626e-01 1.958827902742734106e-01 0.000000000000000000e+00 0.000000000000000000e+00 0.000000000000000000e+00 1.000000000000000000e+00
-3.702582575688155297e-01 -1.825855031389977956e-01 -9.108080789856795034e-01 7.189294725685977383e-01 9.289288577184502405e-01 -7.277606857387663997e-02 -3.630355645674755993e-01 -1.870238129627144641e+00 0.000000000000000000e+00 -9.804928239851680161e-01 1.965548832097299137e-01 1.912690917617645425e-01 0.000000000000000000e+00 0.000000000000000000e+00 0.000000000000000000e+00 1.000000000000000000e+00
-3.690433000461980084e-01 -1.874602399049424273e-01 -9.103107717399554488e-01 7.051805337339784874e-01 9.294122027878759518e-01 -7.443515950668169734e-02 -3.614586620046654764e-01 -1.872047431757271507e+00 0.000000000000000000e+00 -9.794478370408484791e-01 2.016976314090071498e-01 1.870954428992993579e-01 0.000000000000000000e+00 0.000000000000000000e+00 0.000000000000000000e+00 1.000000000000000000e+00
-3.682148738299743096e-01 -1.922159601734760026e-01 -9.096542372489476724e-01 6.908707501328438250e-01 9.297407201421136191e-01 -7.612528309243613012e-02 -3.602598153884504217e-01 -1.873803033935917739e+00 0.000000000000000000e+00 -9.783956080894298246e-01 2.067414667436478781e-01 1.833336906537547661e-01 0.000000000000000000e+00 0.000000000000000000e+00 0.000000000000000000e+00 1.000000000000000000e+00
-3.677886131944445025e-01 -1.968868637173649128e-01 -9.088273207271263532e-01 6.760315514905604894e-01 9.299094235486095039e-01 -7.787075249380777386e-02 -3.594504275996077136e-01 -1.875467608795253316e+00 0.000000000000000000e+00 -9.773288642015991456e-01 2.117269260118138652e-01 1.799556819920077044e-01 0.000000000000000000e+00 0.000000000000000000e+00 0.000000000000000000e+00 1.000000000000000000e+00
-3.677830941328362191e-01 -2.015076416282486349e-01 -9.078162071892627027e-01 6.606943675324946641e-01 9.299116063745399563e-01 -7.969693401116483000e-02 -3.590442911941960635e-01 -1.877003828967447774e+00 0.000000000000000000e+00 -9.762392478663420858e-01 2.166954797067964511e-01 1.769332638809352209e-01 0.000000000000000000e+00 0.000000000000000000e+00 0.000000000000000000e+00 1.000000000000000000e+00
-3.682200279970985202e-01 -2.061137068949197015e-01 -9.066041864076357371e-01 6.448906279840125322e-01 9.297386788672481472e-01 -8.163067391785870652e-02 -3.590576863038866251e-01 -1.878374367084668650e+00 0.000000000000000000e+00 -9.751172098295421975e-01 2.216899345803698129e-01 1.742382832874142529e-01 0.000000000000000000e+00 0.000000000000000000e+00 0.000000000000000000e+00 1.000000000000000000e+00
-3.691244848548858593e-01 -2.107414042472637028e-01 -9.051713513012364931e-01 6.286517625704806100e-01 9.293799624914533819e-01 -8.370076332593820445e-02 -3.595094818471970544e-01 -1.879541895779084815e+00 0.000000000000000000e+00 -9.739518688079749076e-01 2.267548395193657862e-01 1.718425871783216541e-01 0.000000000000000000e+00 0.000000000000000000e+00 0.000000000000000000e+00 1.000000000000000000e+00
-3.705251467809049792e-01 -2.154281915952949433e-01 -9.034942223771935677e-01 6.120092010172648589e-01 9.288224349158394899e-01 -8.593845207757519478e-02 -3.604212352949274778e-01 -1.880469087682865803e+00 0.000000000000000000e+00 -9.727308346713859910e-01 2.319368950372251437e-01 1.697180225205344450e-01 0.000000000000000000e+00 0.000000000000000000e+00 0.000000000000000000e+00 1.000000000000000000e+00
-3.724545906990203159e-01 -2.202127819574354883e-01 -9.015452892283295494e-01 5.949943730497319061e-01 9.280504177399120369e-01 -8.837802343798449589e-02 -3.618172841448703547e-01 -1.881118615428179597e+00 0.000000000000000000e+00 -9.714399907538098233e-01 2.372853648336491206e-01 1.678364362809295629e-01 0.000000000000000000e+00 0.000000000000000000e+00 0.000000000000000000e+00 1.000000000000000000e+00
-3.749495993941669991e-01 -2.251352302237061287e-01 -8.992924585618811140e-01 5.776387083932479349e-01 9.270451973416149460e-01 -9.105744210094385283e-02 -3.637248195049103128e-01 -1.881453151647196176e+00 0.000000000000000000e+00 -9.700632300784068907e-01 2.428524853688919793e-01 1.661696754263840281e-01 0.000000000000000000e+00 0.000000000000000000e+00 0.000000000000000000e+00 1.000000000000000000e+00
-3.780514977650149544e-01 -2.302369431193851679e-01 -8.966983969321401515e-01 5.599736367731791287e-01 9.257845672928604053e-01 -9.401908852471468903e-02 -3.661739285576636749e-01 -1.881435368972083300e+00 0.000000000000000000e+00 -9.685821395297472547e-01 2.486938659958808640e-01 1.646895869237746945e-01 0.000000000000000000e+00 0.000000000000000000e+00 0.000000000000000000e+00 1.000000000000000000e+00
-3.818065090788661520e-01 -2.355605829331595402e-01 -8.937197555124312132e-01 5.420305879148918926e-01 9.242422786396484735e-01 -9.731059260637696384e-02 -3.691975879411809602e-01 -1.881027940035010504e+00 0.000000000000000000e+00 -9.669756255122390343e-01 2.548688675872637921e-01 1.633680177399785827e-01 0.000000000000000000e+00 0.000000000000000000e+00 0.000000000000000000e+00 1.000000000000000000e+00
-3.862661226350322941e-01 -2.411498254921922713e-01 -8.903062642538147609e-01 5.238409915437525211e-01 9.223873820171751836e-01 -1.009857787335270846e-01 -3.728315839478797411e-01 -1.880193537468145770e+00 0.000000000000000000e+00 -9.652194746059926667e-01 2.614409414023206590e-01 1.621768148418726019e-01 0.000000000000000000e+00 0.000000000000000000e+00 0.000000000000000000e+00 1.000000000000000000e+00
-3.914874594620401660e-01 -2.470489199968533278e-01 -8.863996842352471761e-01 5.054362773851273083e-01 9.201834431698699968e-01 -1.051057316563286659e-01 -3.771143276103818276e-01 -1.878894833903659523e+00 0.000000000000000000e+00 -9.632858435071991465e-01 2.684779016951372999e-01 1.610878251963338004e-01 0.000000000000000000e+00 0.000000000000000000e+00 0.000000000000000000e+00 1.000000000000000000e+00
-3.975336159677917980e-01 -2.533019821639276303e-01 -8.819326108084435401e-01 4.868478751643823266e-01 9.175876111715830508e-01 -1.097399874142434562e-01 -3.820865229064608903e-01 -1.877094501973717966e+00 0.000000000000000000e+00 -9.611426746296031220e-01 2.760520947318694240e-01 1.600728957702390043e-01 0.000000000000000000e+00 0.000000000000000000e+00 0.000000000000000000e+00 1.000000000000000000e+00
-4.044739561849071130e-01 -2.599519322723170545e-01 -8.768271275890239247e-01 4.681072146068842588e-01 9.145495168486666993e-01 -1.149678443069950956e-01 -3.877906342438825482e-01 -1.874755214310492857e+00 0.000000000000000000e+00 -9.587530379004236547e-01 2.842404128844256417e-01 1.591038735304652341e-01 0.000000000000000000e+00 0.000000000000000000e+00 0.000000000000000000e+00 1.000000000000000000e+00
-4.123843105945657062e-01 -2.670389660745238758e-01 -8.709933242989260638e-01 4.492457254379991216e-01 9.110099781975193878e-01 -1.208797736161041775e-01 -3.942700850369891818e-01 -1.871839643546150622e+00 0.000000000000000000e+00 -9.560744065857891272e-01 2.931240847689444151e-01 1.581526054438894269e-01 0.000000000000000000e+00 0.000000000000000000e+00 0.000000000000000000e+00 1.000000000000000000e+00
-4.213470224884087734e-01 -2.745984197098752522e-01 -8.643277124638498732e-01 4.302948373830933759e-01 9.068994909250707170e-01 -1.275788857338080728e-01 -4.015681029100389154e-01 -1.868310462312861242e+00 0.000000000000000000e+00 -9.530578869133601305e-01 3.027881506800437217e-01 1.571909384773885754e-01 0.000000000000000000e+00 0.000000000000000000e+00 0.000000000000000000e+00 1.000000000000000000e+00
-4.314507603185398499e-01 -2.826578615556021301e-01 -8.567116053383239116e-01 4.112859801675330940e-01 9.021364871351529313e-01 -1.351823709796440287e-01 -4.097261099268241780e-01 -1.864130343242793586e+00 0.000000000000000000e+00 -9.496474397781190513e-01 3.133205070257356062e-01 1.561907195978395613e-01 0.000000000000000000e+00 0.000000000000000000e+00 0.000000000000000000e+00 1.000000000000000000e+00
-4.427899511555331569e-01 -2.912332193553071602e-01 -8.480095937544717133e-01 3.922505717923290280e-01 8.966253728038710014e-01 -1.438227679972346185e-01 -4.187815089637232924e-01 -1.859262027762597747e+00 0.000000000000000000e+00 -9.457791620402499211e-01 3.248103702938728299e-01 1.551238185915883583e-01 0.000000000000000000e+00 0.000000000000000000e+00 0.000000000000000000e+00 1.000000000000000000e+00
-4.554509415790011229e-01 -3.003244471384849401e-01 -8.380749765180706135e-01 3.732157006141283984e-01 8.902608830083467151e-01 -1.536437855903565464e-01 -4.287530143738504940e-01 -1.853693662160731392e+00 0.000000000000000000e+00 -9.413813327235822648e-01 3.373443143133912359e-01 1.539705321629604995e-01 0.000000000000000000e+00 0.000000000000000000e+00 0.000000000000000000e+00 1.000000000000000000e+00
-4.694898463807820610e-01 -3.099127521109980021e-01 -8.267607696452080601e-01 3.541976776777682745e-01 8.829378710562536536e-01 -1.647917652529457544e-01 -4.396184595299296172e-01 -1.847476630279187182e+00 0.000000000000000000e+00 -9.363747968542324163e-01 3.510017661154924973e-01 1.527321332247311148e-01 0.000000000000000000e+00 0.000000000000000000e+00 0.000000000000000000e+00 1.000000000000000000e+00
-4.849559124810312039e-01 -3.199557401691990322e-01 -8.139079108120710337e-01 3.352111652554376486e-01 8.745386000341495158e-01 -1.774243331526346446e-01 -4.513345134771464817e-01 -1.840671990389948665e+00 0.000000000000000000e+00 -9.306712256958000751e-01 3.658566244608358886e-01 1.514131037458254503e-01 0.000000000000000000e+00 0.000000000000000000e+00 0.000000000000000000e+00 1.000000000000000000e+00
-5.018938928934127963e-01 -3.303806527853028752e-01 -7.993441965395461368e-01 3.162708256193254019e-01 8.649291995743325634e-01 -1.917105261849033626e-01 -4.638367750336446771e-01 -1.833340800764998946e+00 0.000000000000000000e+00 -9.241729807860997736e-01 3.819742158640230811e-01 1.500179256951687523e-01 0.000000000000000000e+00 0.000000000000000000e+00 0.000000000000000000e+00 1.000000000000000000e+00
-5.203409951069982720e-01 -3.410766359578862317e-01 -7.828869504690383341e-01 2.973913210416209152e-01 8.539585755825974678e-01 -2.078275940270218614e-01 -4.770350535860866659e-01 -1.825544119676321575e+00 0.000000000000000000e+00 -9.167739195486481751e-01 3.994065352938144797e-01 1.485510810416864058e-01 0.000000000000000000e+00 0.000000000000000000e+00 0.000000000000000000e+00 1.000000000000000000e+00
-5.403229920399678088e-01 -3.518862539956748581e-01 -7.643475181629547643e-01 2.785873137945125699e-01 8.414577020106102090e-01 -2.259557826404941239e-01 -4.908084351540272228e-01 -1.817343005395898325e+00 0.000000000000000000e+00 -9.083611883717913615e-01 4.181865032013669659e-01 1.470170517543035460e-01 0.000000000000000000e+00 0.000000000000000000e+00 0.000000000000000000e+00 1.000000000000000000e+00
-5.618493794503511829e-01 -3.625967532877269472e-01 -7.435380752298126339e-01 2.598734661501896359e-01 8.272395510438649291e-01 -2.462705761207237276e-01 -5.050005232927106125e-01 -1.808798516195712969e+00 0.000000000000000000e+00 -8.988183341712417951e-01 4.383213457700114168e-01 1.454203198019454468e-01 0.000000000000000000e+00 0.000000000000000000e+00 0.000000000000000000e+00 1.000000000000000000e+00
-5.849075020130847236e-01 -3.729319335075245712e-01 -7.202811861066152899e-01 2.412644403808413551e-01 8.111000025205359343e-01 -2.689319257439815036e-01 -5.194154456952740917e-01 -1.799971710347749720e+00 0.000000000000000000e+00 -8.880300627152061255e-01 4.597853931064220800e-01 1.437653671535374933e-01 0.000000000000000000e+00 0.000000000000000000e+00 0.000000000000000000e+00 1.000000000000000000e+00
-6.094540352482139545e-01 -3.825412474575444755e-01 -6.944263624843849403e-01 2.227748987586565810e-01 7.928214041760404118e-01 -2.940653540429877255e-01 -5.338162498762131225e-01 -1.790923646123990576e+00 0.000000000000000000e+00 -8.758925513698572196e-01 4.825062056127381593e-01 1.420566757780049594e-01 0.000000000000000000e+00 0.000000000000000000e+00 0.000000000000000000e+00 1.000000000000000000e+00
-6.353295875020276151e-01 -3.908009712676428493e-01 -6.660562409442393195e-01 2.044195035558241391e-01 7.722410991681959436e-01 -3.215154180971475095e-01 -5.479703647838203295e-01 -1.781715381796418862e+00 0.000000000000000000e+00 -8.624977894360562614e-01 5.060608295629257514e-01 1.402987276442730080e-01 0.000000000000000000e+00 0.000000000000000000e+00 0.000000000000000000e+00 1.000000000000000000e+00
-6.621924356103309206e-01 -3.968162069632286126e-01 -6.356398949969817025e-01 1.862129170445332993e-01 7.493338229523993643e-01 -3.506697316068243531e-01 -5.617201804407065957e-01 -1.772407975637017685e+00 0.000000000000000000e+00 -8.482733269566560264e-01 5.295586490407706570e-01 1.384960047212669965e-01 0.000000000000000000e+00 0.000000000000000000e+00 0.000000000000000000e+00 1.000000000000000000e+00
-6.895935333240028609e-01 -3.998032286079152842e-01 -6.038361840701534922e-01 1.681698014969728872e-01 7.241966299270642393e-01 -3.807000884246631300e-01 -5.749840727148330943e-01 -1.763062485917770594e+00 0.000000000000000000e+00 -8.338014278400708301e-01 5.520644699053356419e-01 1.366529889779121987e-01 0.000000000000000000e+00 0.000000000000000000e+00 0.000000000000000000e+00 1.000000000000000000e+00
-7.169895003083700535e-01 -3.992002551943216182e-01 -5.714588460251029955e-01 1.503048191853319782e-01 6.970839665689878561e-01 -4.105995908979554465e-01 -5.877771001892451164e-01 -1.753739970910660695e+00 0.000000000000000000e+00 -8.197848084755048337e-01 5.726716928509562043e-01 1.347741623831338331e-01 0.000000000000000000e+00 0.000000000000000000e+00 0.000000000000000000e+00 1.000000000000000000e+00
-7.437626764495232079e-01 -3.947398059587061137e-01 -5.394419030000587867e-01 1.326326323817994535e-01 6.684437755867292941e-01 -4.392182937500023199e-01 -6.002251321918259386e-01 -1.744501488887670648e+00 0.000000000000000000e+00 -8.070116331423108358e-01 5.905355399745051415e-01 1.328640069058572293e-01 0.000000000000000000e+00 0.000000000000000000e+00 0.000000000000000000e+00 1.000000000000000000e+00
-7.692557990901028875e-01 -3.864875884952350682e-01 -5.087954987078651126e-01 1.151679033585645689e-01 6.389409327678476913e-01 -4.653134640136328271e-01 -6.125666205739473957e-01 -1.735408098120784004e+00 0.000000000000000000e+00 -7.963106957380212680e-01 6.048878208835325454e-01 1.309270045150076334e-01 0.000000000000000000e+00 0.000000000000000000e+00 0.000000000000000000e+00 1.000000000000000000e+00
-7.928175429132471308e-01 -3.748334592865522619e-01 -4.805624012012156276e-01 9.792529438781605311e-02 6.094590582221266484e-01 -4.876037827054942042e-01 -6.251417498794106242e-01 -1.726520856881983423e+00 0.000000000000000000e+00 -7.885064545649388412e-01 6.150264800066986837e-01 1.289676371795103471e-01 0.000000000000000000e+00 0.000000000000000000e+00 0.000000000000000000e+00 1.000000000000000000e+00
-8.138607242392479346e-01 -3.604304393443675814e-01 -4.557637764618784892e-01 8.091946774174324508e-02 5.810599982280375553e-01 -5.048362979679005269e-01 -6.383647787223996062e-01 -1.717900823443252900e+00 0.000000000000000000e+00 -7.843661202831821999e-01 6.202981455331851857e-01 1.269903868682906722e-01 0.000000000000000000e+00 0.000000000000000000e+00 0.000000000000000000e+00 1.000000000000000000e+00
-8.321472276062120699e-01 -3.441279555102269572e-01 -4.348642797743296207e-01 6.416508569253470684e-02 5.545547687896076328e-01 -5.163874521260735095e-01 -6.525434910405949473e-01 -1.709609056076575095e+00 0.000000000000000000e+00 -7.841683170870227260e-01 6.205481854593618563e-01 1.249997355502738272e-01 0.000000000000000000e+00 0.000000000000000000e+00 0.000000000000000000e+00 1.000000000000000000e+00
-8.478063566594461475e-01 -3.267237804702774473e-01 -4.177031875423574681e-01 4.767681051237986078e-02 5.303059320881068350e-01 -5.223371665178453416e-01 -6.677870190908722359e-01 -1.701706613053933115e+00 0.000000000000000000e+00 -7.876645578857276453e-01 6.161043290309533571e-01 1.230001651943850999e-01 0.000000000000000000e+00 0.000000000000000000e+00 0.000000000000000000e+00 1.000000000000000000e+00
-8.610516510602922446e-01 -3.087936327509446244e-01 -4.040254281339475395e-01 3.146930447346735216e-02 5.085175062928953826e-01 -5.228674805228060718e-01 -6.841195389735540422e-01 -1.694254552647310064e+00 0.000000000000000000e+00 -7.945162617493790602e-01 6.072428754755317959e-01 1.209961577695497781e-01 0.000000000000000000e+00 0.000000000000000000e+00 0.000000000000000000e+00 1.000000000000000000e+00
-8.721401678855091877e-01 -2.907056467855589355e-01 -3.935247825583869097e-01 1.555722984798652356e-02 4.892560960893955757e-01 -5.182072816656279057e-01 -7.014910446100397490e-01 -1.687313933128688603e+00 0.000000000000000000e+00 -8.043329162453259906e-01 5.941788954887992080e-01 1.189921952446931219e-01 0.000000000000000000e+00 0.000000000000000000e+00 0.000000000000000000e+00 1.000000000000000000e+00
-8.813494631870663065e-01 -2.726545363854765425e-01 -3.858531165201222746e-01 -4.475109187378895070e-05 4.724649444560624634e-01 -5.086174796640506868e-01 -7.197813109829394040e-01 -1.680945812770053172e+00 0.000000000000000000e+00 -8.166809433117746542e-01 5.770894530585272131e-01 1.169927595887404054e-01 0.000000000000000000e+00 0.000000000000000000e+00 0.000000000000000000e+00 1.000000000000000000e+00
-8.889608009961660340e-01 -2.547033110686999779e-01 -3.806243786502592763e-01 -1.532197607392476665e-02 4.579832904072537181e-01 -4.943875992127703123e-01 -7.388045800158377086e-01 -1.675211249843386208e+00 0.000000000000000000e+00 -8.310879165739774033e-01 5.561410566796212152e-01 1.150023327706169302e-01 0.000000000000000000e+00 0.000000000000000000e+00 0.000000000000000000e+00 1.000000000000000000e+00
-8.952484304093865086e-01 -2.368277847114094725e-01 -3.774160148141782467e-01 -3.025978282597706001e-02 4.455673325654941896e-01 -4.758421164304197370e-01 -7.583165779418837849e-01 -1.670171302620670373e+00 0.000000000000000000e+00 -8.470459731441412066e-01 5.315196321682716940e-01 1.130253967592479564e-01 0.000000000000000000e+00 0.000000000000000000e+00 0.000000000000000000e+00 1.000000000000000000e+00
-9.004738616869721879e-01 -2.189603060399189227e-01 -3.757701542132592110e-01 -4.484350907584200990e-02 4.349101337271316647e-01 -4.533535023574154499e-01 -7.780255635142802051e-01 -1.665887029373889661e+00 0.000000000000000000e+00 -8.640179316884400995e-01 5.034610349578505506e-01 1.110664335235587302e-01 0.000000000000000000e+00 0.000000000000000000e+00 0.000000000000000000e+00 1.000000000000000000e+00
-9.048837338749100567e-01 -2.010299287970884474e-01 -3.751964763912882805e-01 -5.905849255133021475e-02 4.256588166226573100e-01 -4.273580282768514316e-01 -7.976087308315530366e-01 -1.662419488375026289e+00 0.000000000000000000e+00 -8.814488546677904379e-01 4.722794899260823742e-01 1.091299250324745534e-01 0.000000000000000000e+00 0.000000000000000000e+00 0.000000000000000000e+00 1.000000000000000000e+00
-9.087099086890441102e-01 -1.829966457616723219e-01 -3.751779970764892447e-01 -7.289007098025315767e-02 4.174281996347984358e-01 -3.983699841217625548e-01 -8.167343839342614542e-01 -1.659829737896064694e+00 0.000000000000000000e+00 -8.987845033103338821e-01 4.383907122752447316e-01 1.072203532549207416e-01 0.000000000000000000e+00 0.000000000000000000e+00 0.000000000000000000e+00 1.000000000000000000e+00
-9.121706572573982097e-01 -1.648775485677194119e-01 -3.751800714549023419e-01 -8.632358209042133301e-02 4.098105562801016011e-01 -3.669902093522712239e-01 -8.350889139492690960e-01 -1.658178836208986873e+00 0.000000000000000000e+00 -9.154963572936134497e-01 4.023262603685279215e-01 1.053422001598225133e-01 0.000000000000000000e+00 0.000000000000000000e+00 0.000000000000000000e+00 1.000000000000000000e+00
-9.154720847086420532e-01 -1.467631385263363508e-01 -3.746617718544451026e-01 -9.934436360964618573e-02 4.023814882909163559e-01 -3.339059084347082984e-01 -8.524059961034878841e-01 -1.657527841585776374e+00 0.000000000000000000e+00 -9.311108556355101040e-01 3.647363081977284538e-01 1.034999477161051423e-01 0.000000000000000000e+00 0.000000000000000000e+00 0.000000000000000000e+00 1.000000000000000000e+00
-9.188091740274452190e-01 -1.288227296986324544e-01 -3.730876653495756035e-01 -1.119377532657383212e-01 3.947020417010834725e-01 -2.998806526569746111e-01 -8.684940370774131280e-01 -1.657937812298416080e+00 0.000000000000000000e+00 -9.452387521018275063e-01 3.263796892041230802e-01 1.016980778926939583e-01 0.000000000000000000e+00 0.000000000000000000e+00 0.000000000000000000e+00 1.000000000000000000e+00
-9.223659784693534203e-01 -1.112989763739204857e-01 -3.699372103754768881e-01 -1.240890887865090941e-01 3.863172294400967766e-01 -2.657359843736585292e-01 -8.832572585870382964e-01 -1.659469806618889542e+00 0.000000000000000000e+00 -9.575995637358447610e-01 2.881025434336180746e-01 9.994107265851415178e-02 0.000000000000000000e+00 0.000000000000000000e+00 0.000000000000000000e+00 1.000000000000000000e+00
-9.263145291336369880e-01 -9.449277695303577584e-02 -3.647087992078504870e-01 -1.357837078997692071e-01 3.767511023420215266e-01 -2.323285363882486021e-01 -8.967062272917288857e-01 -1.662184882819180087e+00 0.000000000000000000e+00 -9.680364488403306877e-01 2.508095566692025158e-01 9.823341398249110790e-02 0.000000000000000000e+00 0.000000000000000000e+00 0.000000000000000000e+00 1.000000000000000000e+00
-9.308119385487577668e-01 -7.874070796024509877e-02 -3.569160068770003691e-01 -1.470069483333298344e-01 3.654984747644011711e-01 -2.005283088155745963e-01 -9.089550386616831457e-01 -1.666144099171269488e+00 0.000000000000000000e+00 -9.765184577228865903e-01 2.154337525238676776e-01 9.657958383354996179e-02 0.000000000000000000e+00 0.000000000000000000e+00 0.000000000000000000e+00 1.000000000000000000e+00
-9.359949585581733844e-01 -6.438725789316473991e-02 -3.460747297545464507e-01 -1.577441478150018173e-01 3.520134053607663627e-01 -1.712041299155140361e-01 -9.202041666642184481e-01 -1.671408513947142627e+00 0.000000000000000000e+00 -9.831294049721384098e-01 1.829113803980745023e-01 9.498406418061612622e-02 0.000000000000000000e+00 0.000000000000000000e+00 0.000000000000000000e+00 1.000000000000000000e+00
-9.419462778437619477e-01 -5.173201389000413319e-02 -3.317544399027191337e-01 -1.679806440725964134e-01 3.357636216987814892e-01 -1.451282234880302002e-01 -9.306989787739782249e-01 -1.678039185418782386e+00 0.000000000000000000e+00 -9.880595111055269220e-01 1.540727182661071060e-01 9.345133699261480575e-02 0.000000000000000000e+00 0.000000000000000000e+00 0.000000000000000000e+00 1.000000000000000000e+00
-9.485587755755728878e-01 -4.087930853983123142e-02 -3.139508423493639344e-01 -1.777017748339242975e-01 3.166010885618839588e-01 -1.224772379370357017e-01 -9.406184544802131953e-01 -1.686097171858170984e+00 0.000000000000000000e+00 -9.916290679082678805e-01 1.291192924368003703e-01 9.198588423847128825e-02 0.000000000000000000e+00 0.000000000000000000e+00 0.000000000000000000e+00 1.000000000000000000e+00
-9.556448010533321602e-01 -3.180170324881143734e-02 -2.927997026812217407e-01 -1.868928778267968105e-01 2.945216702039721302e-01 -1.031881027746447688e-01 -9.500574725910174712e-01 -1.695643531537292192e+00 0.000000000000000000e+00 -9.941533418523743615e-01 1.079774647033171914e-01 9.059218788711086157e-02 0.000000000000000000e+00 0.000000000000000000e+00 0.000000000000000000e+00 1.000000000000000000e+00
-9.629996720870848126e-01 -2.440304346200250149e-02 -2.683954601515435301e-01 -1.955392907790246548e-01 2.695025631792157816e-01 -8.719814229079522749e-02 -9.590437176796826613e-01 -1.706739322728128894e+00 0.000000000000000000e+00 -9.958920500992192171e-01 9.054846519502222912e-02 8.927472990745877190e-02 0.000000000000000000e+00 0.000000000000000000e+00 0.000000000000000000e+00 1.000000000000000000e+00
-9.703991796774302792e-01 -1.852901230921653528e-02 -2.407947420194540278e-01 -2.036263514184189494e-01 2.415065880703267942e-01 -7.445154390513269993e-02 -9.675389064677304418e-01 -1.719445603702663972e+00 0.000000000000000000e+00 -9.970524777126764659e-01 7.672259567437092476e-02 8.803799226844027936e-02 0.000000000000000000e+00 0.000000000000000000e+00 0.000000000000000000e+00 1.000000000000000000e+00
-9.775968806780999110e-01 -1.397360959786636200e-02 -2.100216110862291319e-01 -2.111393186647263498e-01 2.104859588866888342e-01 -6.490008752575091022e-02 -9.754402286919998666e-01 -1.733819574623520765e+00 0.000000000000000000e+00 -9.977939250536437266e-01 6.638737173622490106e-02 8.688676994401875464e-02 0.000000000000000000e+00 0.000000000000000000e+00 0.000000000000000000e+00 1.000000000000000000e+00
-9.843281858723502697e-01 -1.047404467324130652e-02 -1.760349876741288122e-01 -2.180595004385731395e-01 1.763463141016781421e-01 -5.846392335715656224e-02 -9.825904269676358771e-01 -1.749725011454758894e+00 0.000000000000000000e+00 -9.982345736618580823e-01 5.939474678899247378e-02 8.584155024420947466e-02 0.000000000000000000e+00 0.000000000000000000e+00 0.000000000000000000e+00 1.000000000000000000e+00
-9.902944615956232877e-01 -7.720232212856567057e-03 -1.387705925173415289e-01 -2.243624901755038592e-01 1.389851766665584631e-01 -5.500804751981536178e-02 -9.887655108138752036e-01 -1.766745933151271597e+00 0.000000000000000000e+00 -9.984560644928937023e-01 5.554716264007274890e-02 8.494551692049434610e-02 0.000000000000000000e+00 0.000000000000000000e+00 0.000000000000000000e+00 1.000000000000000000e+00
-9.951449196174410039e-01 -5.377357437667370371e-03 -9.827346023512333051e-02 -2.300234346790615836e-01 9.842047022645644683e-02 -5.437131038643698566e-02 -9.936584783753747985e-01 -1.784444493455047409e+00 0.000000000000000000e+00 -9.985063067571728901e-01 5.463657535159673062e-02 8.424362762995357690e-02 0.000000000000000000e+00 0.000000000000000000e+00 0.000000000000000000e+00 1.000000000000000000e+00
-9.984951604984996232e-01 -3.094398008823253266e-03 -5.475252653566368283e-02 -2.350174807527893317e-01 5.483989844151395537e-02 -5.634112250884967116e-02 -9.969043401717977426e-01 -1.802382846108076420e+00 0.000000000000000000e+00 -9.984067821361221062e-01 5.642603463468096742e-02 8.378084002966755539e-02 0.000000000000000000e+00 0.000000000000000000e+00 0.000000000000000000e+00 1.000000000000000000e+00
-9.999626794857432444e-01 -5.237891661480964566e-04 -8.623530634389689128e-03 -2.393197752002302614e-01 8.639423342609826167e-03 -6.062552988737227727e-02 -9.981231915400936572e-01 -1.820123144852348940e+00 0.000000000000000000e+00 -9.981604434011522864e-01 6.062779254776841376e-02 8.360211177671660054e-02 0.000000000000000000e+00 0.000000000000000000e+00 0.000000000000000000e+00 1.000000000000000000e+00
-9.992174615243162306e-01 2.645587047852395249e-03 3.946473684283009764e-02 -2.429054648249273085e-01 -3.955331319752614094e-02 -6.683426900283080674e-02 -9.969797971383149715e-01 -1.837227543429854171e+00 -0.000000000000000000e+00 -9.977605831841772632e-01 6.688661034893692015e-02 8.375240052818098968e-02 0.000000000000000000e+00 0.000000000000000000e+00 0.000000000000000000e+00 1.000000000000000000e+00
-9.960421170735540564e-01 6.646013739702932681e-03 8.863369289950674690e-02 -2.457496964304237419e-01 -8.888251242866840318e-02 -7.447707557441297921e-02 -9.932537763322376589e-01 -1.853258195582581980e+00 -0.000000000000000000e+00 -9.972005794800036238e-01 7.477301842740562143e-02 8.427666394114106951e-02 0.000000000000000000e+00 0.000000000000000000e+00 0.000000000000000000e+00 1.000000000000000000e+00
-9.903898884627082566e-01 1.158853013232428140e-02 1.378171789008773018e-01 -2.478276168202622198e-01 -1.383035387501860281e-01 -8.298531743233461544e-02 -9.869070717447668839e-01 -1.867777255052520680e+00 -0.000000000000000000e+00 -9.964833882509165353e-01 8.379055400206592008e-02 8.521985967267706186e-02 0.000000000000000000e+00 0.000000000000000000e+00 0.000000000000000000e+00 1.000000000000000000e+00
-9.824248105758409677e-01 1.743358930867453319e-02 1.858428409405093740e-01 -2.491143727979861500e-01 -1.866587570006373875e-01 -9.175669520917842381e-02 -9.781304704993434296e-01 -1.880346875581661248e+00 -0.000000000000000000e+00 -9.956288358861983268e-01 9.339818602035908357e-02 8.662694537986938281e-02 0.000000000000000000e+00 0.000000000000000000e+00 0.000000000000000000e+00 1.000000000000000000e+00
-9.725295842332347673e-01 2.398669376188290042e-02 2.315401613403282322e-01 -2.495851111671385236e-01 -2.327793113468883124e-01 -1.002141005418252240e-01 -9.673525346332957353e-01 -1.890529210911993996e+00 -0.000000000000000000e+00 -9.946767176198338944e-01 1.030447835896286662e-01 8.854287871979829583e-02 0.000000000000000000e+00 0.000000000000000000e+00 0.000000000000000000e+00 1.000000000000000000e+00
-9.612738752056162461e-01 3.092443228226204183e-02 2.738543706702472047e-01 -2.492156528720730069e-01 -2.755948781221765898e-01 -1.078643008935935288e-01 -9.552029919056781448e-01 -1.897890008213490631e+00 -0.000000000000000000e+00 -9.936845435452622555e-01 1.122097496621567714e-01 9.101203271022011154e-02 0.000000000000000000e+00 0.000000000000000000e+00 0.000000000000000000e+00 1.000000000000000000e+00
-9.493016037230221915e-01 3.788715696753029716e-02 3.120753570947503719e-01 -2.480234096037221281e-01 -3.143667685505232567e-01 -1.144088449158139342e-01 -9.423821682502969699e-01 -1.902216709219361146e+00 -0.000000000000000000e+00 -9.927110251941131391e-01 1.205189630641296250e-01 9.404271136731164049e-02 0.000000000000000000e+00 0.000000000000000000e+00 0.000000000000000000e+00 1.000000000000000000e+00
-9.371830831600848066e-01 4.458332709835569063e-02 3.459771604938666756e-01 -2.460909242538611152e-01 -3.488378830324450064e-01 -1.197769565173212036e-01 -9.294975051332251548e-01 -1.903643929837643745e+00 -0.000000000000000000e+00 -9.917992778946196353e-01 1.278052908439679114e-01 9.758673457124988904e-02 0.000000000000000000e+00 0.000000000000000000e+00 0.000000000000000000e+00 1.000000000000000000e+00
-9.253912222312755675e-01 5.078081453612667134e-02 3.755960525516121029e-01 -2.435064209135208435e-01 -3.790133055940198004e-01 -1.239854098415784922e-01 -9.170477263093289588e-01 -1.902336568938123973e+00 -0.000000000000000000e+00 -9.909838177394539871e-01 1.339816143302381690e-01 1.015909952604817229e-01 0.000000000000000000e+00 0.000000000000000000e+00 0.000000000000000000e+00 1.000000000000000000e+00
